%祖传代码移植
q2=[-0.0019,  0.0153, -0.0342, -0.0300, -0.0166,  0.0086,  0.0000,  0.0291,
        -0.0029,  0.0112, -0.0093, -0.0073, -0.0351, -0.0236, -0.0134,  0.0013,
         0.0137,  0.0201, -0.0268, -0.0173,  0.0121,  0.0294, -0.0077,  0.0265,
        -0.0061,  0.0038,  0.0323, -0.0358, -0.0252, -0.0102, -0.0147,  0.0294,
        -0.0243, -0.0185, -0.0272, -0.0348, -0.0201,  0.0313,  0.0147,  0.0150,
         0.0003, -0.0214,  0.0029, -0.0358, -0.0284, -0.0208,  0.0201,  0.0176,
        -0.0163, -0.0019,  0.0214,  0.0342,  0.0144,  0.0070,  0.0249, -0.0224,
         0.0051, -0.0300, -0.0268, -0.0195,  0.0160,  0.0137, -0.0243,  0.0083,
         0.0201, -0.0035,  0.0006,  0.0073,  0.0227,  0.0358, -0.0265, -0.0131,
         0.0131,  0.0284,  0.0313,  0.0316,  0.0073, -0.0319,  0.0019, -0.0236,
        -0.0342,  0.0332,  0.0281, -0.0355,  0.0086, -0.0051, -0.0058, -0.0176,
         0.0128, -0.0220,  0.0141,  0.0185,  0.0262,  0.0141, -0.0364, -0.0246,
         0.0173,  0.0070, -0.0291, -0.0208,  0.0348,  0.0256, -0.0147, -0.0096,
        -0.0339, -0.0000, -0.0262, -0.0272, -0.0013,  0.0064, -0.0131,  0.0214,
        -0.0217,  0.0313,  0.0233, -0.0303, -0.0077,  0.0042,  0.0077,  0.0089,
         0.0141,  0.0022, -0.0163,  0.0176, -0.0339, -0.0198, -0.0070, -0.0160,
        -0.0144, -0.0303, -0.0073,  0.0086, -0.0224,  0.0000,  0.0265, -0.0032,
         0.0019, -0.0029,  0.0080,  0.0240,  0.0342,  0.0243,  0.0361, -0.0016,
        -0.0348, -0.0188,  0.0240,  0.0013, -0.0163, -0.0272, -0.0339, -0.0297,
        -0.0051,  0.0214,  0.0208, -0.0345,  0.0224, -0.0272, -0.0070, -0.0137,
        -0.0099, -0.0093, -0.0335, -0.0303, -0.0035,  0.0016, -0.0153,  0.0144,
        -0.0310, -0.0010,  0.0326, -0.0141,  0.0339,  0.0141, -0.0326,  0.0240,
        -0.0064, -0.0173,  0.0281, -0.0281,  0.0061, -0.0054,  0.0278,  0.0109,
         0.0176,  0.0134, -0.0083, -0.0077, -0.0284,  0.0192,  0.0288,  0.0252,
        -0.0281,  0.0003, -0.0259, -0.0185, -0.0188,  0.0144, -0.0198,  0.0000,
         0.0022,  0.0236, -0.0272, -0.0249, -0.0204,  0.0256, -0.0128,  0.0313,
         0.0118,  0.0038,  0.0010, -0.0058,  0.0058, -0.0058,  0.0016,  0.0051,
        -0.0268, -0.0188,  0.0291, -0.0294, -0.0022,  0.0367,  0.0144,  0.0019,
        -0.0316,  0.0182, -0.0236, -0.0073, -0.0105, -0.0051,  0.0016,  0.0303,
         0.0048,  0.0326,  0.0224, -0.0230,  0.0160, -0.0252, -0.0144,  0.0115,
         0.0109,  0.0272, -0.0099,  0.0035,  0.0208, -0.0348,  0.0262, -0.0297,
         0.0006, -0.0045, -0.0173,  0.0058,  0.0307, -0.0099, -0.0201, -0.0118,
        -0.0351,  0.0150, -0.0188, -0.0252, -0.0208,  0.0224,  0.0230,  0.0313,
         0.0163, -0.0083, -0.0058,  0.0125,  0.0313,  0.0131, -0.0134, -0.0150,
        -0.0329,  0.0083, -0.0201, -0.0313,  0.0332, -0.0220, -0.0019,  0.0131,
         0.0038, -0.0217, -0.0265,  0.0297,  0.0058,  0.0326, -0.0089,  0.0118,
        -0.0070, -0.0016, -0.0214,  0.0141,  0.0153,  0.0019, -0.0070, -0.0217,
         0.0268, -0.0262,  0.0150, -0.0109, -0.0169,  0.0073, -0.0182,  0.0083,
         0.0093, -0.0252,  0.0067,  0.0163,  0.0173, -0.0003, -0.0265, -0.0035,
         0.0137, -0.0121,  0.0141,  0.0249, -0.0169,  0.0022,  0.0141,  0.0029,
         0.0048,  0.0064, -0.0278,  0.0035,  0.0275,  0.0351,  0.0240,  0.0073,
         0.0188, -0.0160, -0.0278, -0.0294,  0.0380,  0.0243, -0.0256,  0.0137,
         0.0268,  0.0374,  0.0335,  0.0313, -0.0032, -0.0099,  0.0316,  0.0214,
        -0.0201,  0.0345,  0.0211,  0.0227, -0.0195,  0.0128, -0.0125,  0.0278,
        -0.0070,  0.0144,  0.0073,  0.0179, -0.0086,  0.0217, -0.0217,  0.0102,
        -0.0214, -0.0326, -0.0256,  0.0319,  0.0233,  0.0367,  0.0316, -0.0313,
        -0.0233, -0.0061, -0.0224,  0.0284, -0.0233, -0.0125, -0.0297, -0.0173,
         0.0316,  0.0319,  0.0294,  0.0300,  0.0351, -0.0061,  0.0192,  0.0345,
         0.0112,  0.0367,  0.0217,  0.0262, -0.0086,  0.0220,  0.0083, -0.0042,
        -0.0166, -0.0169, -0.0243,  0.0278,  0.0275, -0.0013, -0.0182,  0.0291,
         0.0224,  0.0026, -0.0160,  0.0374,  0.0192, -0.0243,  0.0380,  0.0323,
        -0.0067,  0.0262, -0.0157, -0.0029,  0.0326,  0.0045, -0.0233, -0.0099,
        -0.0102, -0.0077,  0.0038,  0.0361,  0.0067, -0.0179,  0.0061,  0.0214,
         0.0233, -0.0275, -0.0022, -0.0233, -0.0115,  0.0153, -0.0246,  0.0157,
         0.0300,  0.0029, -0.0236, -0.0105,  0.0128, -0.0224,  0.0233, -0.0291,
        -0.0319, -0.0316, -0.0045,  0.0262, -0.0310,  0.0307, -0.0137,  0.0115,
         0.0000, -0.0329,  0.0303,  0.0230,  0.0406,  0.0227, -0.0195,  0.0332,
         0.0048,  0.0195, -0.0268, -0.0086, -0.0335, -0.0121,  0.0093, -0.0278,
         0.0109,  0.0192,  0.0080, -0.0201, -0.0246, -0.0061,  0.0198,  0.0377,
         0.0240, -0.0029,  0.0134, -0.0348, -0.0297,  0.0192, -0.0185,  0.0176,
        -0.0252, -0.0169, -0.0262,  0.0240, -0.0006,  0.0291,  0.0252,  0.0214,
         0.0019, -0.0096, -0.0058,  0.0054,  0.0182, -0.0240,  0.0316, -0.0048,
        -0.0300, -0.0182,  0.0358,  0.0396, -0.0294,  0.0262,  0.0188,  0.0220,
         0.0303, -0.0166,  0.0147,  0.0157, -0.0093,  0.0128, -0.0099,  0.0230,
        -0.0118, -0.0160,  0.0067,  0.0105, -0.0195,  0.0022,  0.0214, -0.0032,
         0.0102, -0.0096,  0.0118, -0.0281, -0.0230, -0.0188,  0.0332, -0.0109,
        -0.0013, -0.0188,  0.0345,  0.0342, -0.0281, -0.0303, -0.0281, -0.0010,
        -0.0102, -0.0249, -0.0144,  0.0045, -0.0214,  0.0073, -0.0086, -0.0192,
         0.0042,  0.0281, -0.0256,  0.0013, -0.0131,  0.0348, -0.0355, -0.0364,
         0.0342, -0.0249,  0.0048, -0.0048, -0.0099, -0.0099,  0.0211, -0.0003,
        -0.0361, -0.0227, -0.0134,  0.0169, -0.0240,  0.0339, -0.0086, -0.0073,
         0.0268,  0.0166,  0.0288,  0.0192, -0.0121, -0.0256, -0.0058,  0.0275,
        -0.0134, -0.0348,  0.0134,  0.0339, -0.0109, -0.0303, -0.0339,  0.0080,
        -0.0038, -0.0195,  0.0064,  0.0121,  0.0272,  0.0262, -0.0083, -0.0342,
        -0.0351,  0.0319,  0.0150,  0.0157, -0.0303,  0.0332,  0.0332,  0.0313,
        -0.0316, -0.0144, -0.0246,  0.0339, -0.0160, -0.0176,  0.0169, -0.0185,
        -0.0201, -0.0048, -0.0048, -0.0288,  0.0303, -0.0153,  0.0128,  0.0307,
         0.0179,  0.0051,  0.0313,  0.0051, -0.0163,  0.0339,  0.0080, -0.0367,
        -0.0115, -0.0262,  0.0307, -0.0058, -0.0323, -0.0010,  0.0236,  0.0093,
         0.0102,  0.0029,  0.0137, -0.0089, -0.0141, -0.0342, -0.0278,  0.0150,
        -0.0240,  0.0038,  0.0115,  0.0032, -0.0227,  0.0351, -0.0208,  0.0297,
        -0.0294, -0.0093,  0.0192, -0.0150,  0.0294, -0.0256, -0.0310, -0.0176,
         0.0032,  0.0313, -0.0185,  0.0131, -0.0086, -0.0083,  0.0262, -0.0278,
         0.0045,  0.0345, -0.0048,  0.0272, -0.0125,  0.0281, -0.0361, -0.0061,
        -0.0089,  0.0093,  0.0121,  0.0272, -0.0048, -0.0016,  0.0243, -0.0102,
         0.0319, -0.0233, -0.0038, -0.0029,  0.0153,  0.0230, -0.0083, -0.0313,
         0.0153,  0.0093,  0.0128, -0.0230,  0.0233,  0.0339,  0.0032, -0.0348,
         0.0243, -0.0275,  0.0070,  0.0032, -0.0179,  0.0102, -0.0348,  0.0054,
        -0.0262, -0.0064,  0.0026,  0.0297, -0.0173,  0.0227, -0.0058, -0.0188,
        -0.0326, -0.0345,  0.0335, -0.0109,  0.0006,  0.0086,  0.0227,  0.0281,
         0.0268, -0.0294, -0.0067, -0.0217, -0.0214,  0.0080,  0.0323, -0.0316,
         0.0201, -0.0208, -0.0093,  0.0265, -0.0099,  0.0022, -0.0265,  0.0281,
        -0.0073, -0.0288,  0.0099, -0.0256, -0.0300, -0.0003,  0.0268, -0.0125,
         0.0150,  0.0297,  0.0224, -0.0214, -0.0067, -0.0134, -0.0310, -0.0032,
         0.0246,  0.0284,  0.0026,  0.0086, -0.0166,  0.0243, -0.0182, -0.0275,
         0.0032,  0.0208, -0.0335,  0.0307,  0.0109, -0.0278, -0.0099,  0.0291]
